%YAML:1.0 # need to specify the file type at the top!

cam0:
  T_cam_imu:
    - [-0.021380333228367215, 0.9997629187232, 0.004121613411320724, 0.07714831913106567]
    - [0.0017954720185469064, -0.004084152878889913, 0.9999900479382245, 0.13863979839606305]
    - [0.9997698023201516, 0.02138752069152139, -0.0017077257962420378, -0.2249316036843]
    - [0.0, 0.0, 0.0, 1.0]
  T_imu_cam:
    - [-0.0213803332283672, 0.00179547201854691, 0.999769802320151, 0.226280357843361]
    - [0.9997629187232, -0.00408415287888987, 0.0213875206915214, -0.07175307324934]
    - [0.00412161341132076, 0.999990047938224, -0.00170772579624203, -0.139340515693018]
    - [0.0, 0.0, 0.0, 1.0]
  cam_overlaps: [1]
  camera_model: pinhole
  distortion_coeffs: [-0.21600279714574364, 0.0916845809666243, 0.00026304634502239126, -0.0010263792903528297]
  distortion_model: radtan
  intrinsics: [856.6745650105413, 855.9701915960269, 648.3744117502828, 531.7012993553176]
  resolution: [1280, 1024]
  rostopic: /left_camera/image_color/c
  timeshift_cam_imu: -0.01313965709704925
cam1:
  T_cam_imu:
    - [-0.005282666237830469, 0.9999737162074338, 0.004965917006423404, -0.07270965592958553]
    - [0.0007680101504446424, -0.00496192768622572, 0.9999873946375752, 0.13869472251353884]
    - [0.9999857516974073, 0.00528641352257514, -0.0007417777563624717, -0.22997643409911897]
    - [0.0, 0.0, 0.0, 1.0]
  T_imu_cam:
    - [-0.00528266623783044, 0.000768010150444535, 0.999985751697407, 0.22948253752605]
    - [0.999973716207433, -0.00496192768622573, 0.00528641352257517, 0.07461168855874]
    - [0.00496591700642339, 0.999987394637575, -0.000741777756362578, -0.138502495502686]
    - [0.0, 0.0, 0.0, 1.0]
  T_cn_cnm1:
    - [0.9998700539166596, 0.0008723371740343029, 0.016097027941471127, -0.14634816027925934]
    - [-0.0008556101621237268, 0.9999990869132274, -0.001045994244508757, -0.00011421756938089811]
    - [-0.016097925703151165, 0.0010320855409667754, 0.9998698873290912, -0.003975257088378101]
    - [0.0, 0.0, 0.0, 1.0]
  cam_overlaps: [0]
  camera_model: pinhole
  distortion_coeffs: [-0.35297306667998285, 0.1393213288049193, -0.0006347454082266885, 6.445552528741295e-05]
  distortion_model: radtan
  intrinsics: [697.4373599059694, 697.2432225104347, 630.6112434027007, 501.82964716167305]
  resolution: [1280, 1024]
  rostopic: /right_camera/image_color/c
  timeshift_cam_imu: -0.01438415136506388

