%YAML:1.0 # need to specify the file type at the top!

cam0:
  T_cam_imu:
    - [-0.999701828683506, -0.023981357587999505, -0.004598718853071679, 0.08041886440268751]
    - [-0.0061171599484537, 0.06363374038478364, 0.9979545718312063, -0.023313715720663927]
    - [-0.023639671762064128, 0.9976851415015048, -0.0637614644287865, -0.007128983791807235]
    - [0.0, 0.0, 0.0, 1.0]
  T_imu_cam:
    - [-0.999701828683507, -0.006117159948454, -0.023639671762064, 0.080083745239126]
    - [-0.023981357588000, 0.063633740384784, 0.997685141501506, 0.010524573680726]
    - [-0.004598718853072, 0.997954571831207, -0.063761464428787, 0.023181298491226]
    - [0.0, 0.0, 0.0, 1.0]
  cam_overlaps: [1]
  camera_model: pinhole
  distortion_coeffs: [0.007111227588010691, -0.0037753083591549157, 0.001447431401445516, -0.0003647591755129811]
  distortion_model: radtan
  intrinsics: [340.6741512604354, 339.8814973954313, 323.5059835091743, 191.2697303368043]
  resolution: [672, 376]
  rostopic: /left_camera/image_color/c
  timeshift_cam_imu: 0.0023275966151522724
cam1:
  T_cam_imu:
    - [-0.9996977454420938, -0.02423387766857141, -0.004139677661336652, -0.038611453731207]
    - [-0.005687127885772792, 0.06413838961246719, 0.9979248085674243, -0.02309893353560971]
    - [-0.023918075474542666, 0.9976467241218528, -0.06425682465333939, -0.007706749183990154]
    - [0.0, 0.0, 0.0, 1.0]
  T_imu_cam:
    - [-0.999697745442093, -0.005687127885773, -0.023918075474543, -0.038915480441017]
    - [-0.024233877668571,  0.064138389612467,  0.997646724121853,  0.008234436229448]
    - [-0.004139677661337,  0.997924808567424, -0.064256824653339,  0.022395948623189]
    - [0.0, 0.0, 0.0, 1.0]
  T_cn_cnm1:
    - [0.9999998627490607, 0.0004420084808609308, -0.0002813011974222298, -0.11902200762793792]
    - [-0.0004418691401579462, 0.9999997797578657, 0.0004952129686062278, 0.0002538420300844726]
    - [0.00028152002379980983, -0.0004950886023195521, 0.9999998378168634, -0.0006119484239354919]
    - [0.0, 0.0, 0.0, 1.0]
  cam_overlaps: [0]
  camera_model: pinhole
  distortion_coeffs: [0.004483048527651232, -0.0020498455643493275, 0.0019388154532180711, 9.637260137562443e-05]
  distortion_model: radtan
  intrinsics: [340.27234955595736, 339.1938536237347, 322.5698019926168, 191.68753935242043]
  resolution: [672, 376]
  rostopic: /right_camera/image_color/c
  timeshift_cam_imu: 0.0025466758541887132

